Start time: 2011-09-23 19:16:58.635000
0
unsuited
0.510000
0.344800 0.340000
0.368400 0.368400 0.370000
0.380600 0.380600 0.380600 0.380000
0.372600 0.372600 0.372600 0.372600 0.370000
0.383800 0.383800 0.383800 0.383800 0.383800 0.380000
0.397000 0.397000 0.397000 0.397000 0.397000 0.397000 0.400000
0.417000 0.417000 0.417000 0.417000 0.417000 0.417000 0.417000 0.420000
0.441800 0.441800 0.441800 0.441800 0.441800 0.441800 0.441800 0.441800 0.440000
0.467600 0.467600 0.467600 0.467600 0.467600 0.467600 0.467600 0.467600 0.467600 0.470000
0.494400 0.494400 0.494400 0.494400 0.494400 0.494400 0.494400 0.494400 0.494400 0.494400 0.490000
0.528800 0.528800 0.528800 0.528800 0.528800 0.528800 0.528800 0.528800 0.528800 0.528800 0.528800 0.530000
0.572400 0.572400 0.572400 0.572400 0.572400 0.572400 0.572400 0.572400 0.572400 0.572400 0.572400 0.572400 0.570000
1
unsuited
0.090000
0.051529 0.050000
0.046483 0.046483 0.050000
0.058081 0.058081 0.058081 0.060000
0.051893 0.051893 0.051893 0.051893 0.050000
0.046483 0.046483 0.046483 0.046483 0.046483 0.050000
0.057504 0.057504 0.057504 0.057504 0.057504 0.057504 0.060000
0.059341 0.059341 0.059341 0.059341 0.059341 0.059341 0.059341 0.060000
0.070969 0.070969 0.070969 0.070969 0.070969 0.070969 0.070969 0.070969 0.070000
0.080656 0.080656 0.080656 0.080656 0.080656 0.080656 0.080656 0.080656 0.080656 0.080000
0.097719 0.097719 0.097719 0.097719 0.097719 0.097719 0.097719 0.097719 0.097719 0.097719 0.100000
0.110756 0.110756 0.110756 0.110756 0.110756 0.110756 0.110756 0.110756 0.110756 0.110756 0.110756 0.110000
0.140325 0.140325 0.140325 0.140325 0.140325 0.140325 0.140325 0.140325 0.140325 0.140325 0.140325 0.140325 0.140000
2
unsuited
0.010000
0.003638 0.000000
0.004267 0.004267 0.000000
0.005602 0.005602 0.005602 0.010000
0.004363 0.004363 0.004363 0.004363 0.000000
0.003914 0.003914 0.003914 0.003914 0.003914 0.000000
0.003900 0.003900 0.003900 0.003900 0.003900 0.003900 0.000000
0.006189 0.006189 0.006189 0.006189 0.006189 0.006189 0.006189 0.010000
0.006902 0.006902 0.006902 0.006902 0.006902 0.006902 0.006902 0.006902 0.010000
0.007762 0.007762 0.007762 0.007762 0.007762 0.007762 0.007762 0.007762 0.007762 0.010000
0.012682 0.012682 0.012682 0.012682 0.012682 0.012682 0.012682 0.012682 0.012682 0.012682 0.010000
0.013618 0.013618 0.013618 0.013618 0.013618 0.013618 0.013618 0.013618 0.013618 0.013618 0.013618 0.010000
0.018864 0.018864 0.018864 0.018864 0.018864 0.018864 0.018864 0.018864 0.018864 0.018864 0.018864 0.018864 0.020000
3
unsuited
0.000000
0.000198 0.000000
0.000244 0.000244 0.000000
0.000334 0.000334 0.000334 0.000000
0.000197 0.000197 0.000197 0.000197 0.000000
0.000233 0.000233 0.000233 0.000233 0.000233 0.000000
0.000274 0.000274 0.000274 0.000274 0.000274 0.000274 0.000000
0.000291 0.000291 0.000291 0.000291 0.000291 0.000291 0.000291 0.000000
0.000472 0.000472 0.000472 0.000472 0.000472 0.000472 0.000472 0.000472 0.000000
0.000675 0.000675 0.000675 0.000675 0.000675 0.000675 0.000675 0.000675 0.000675 0.000000
0.000800 0.000800 0.000800 0.000800 0.000800 0.000800 0.000800 0.000800 0.000800 0.000800 0.000000
0.001281 0.001281 0.001281 0.001281 0.001281 0.001281 0.001281 0.001281 0.001281 0.001281 0.001281 0.000000
0.002446 0.002446 0.002446 0.002446 0.002446 0.002446 0.002446 0.002446 0.002446 0.002446 0.002446 0.002446 0.000000
4
unsuited
0.000000
0.000009 0.000000
0.000012 0.000012 0.000000
0.000019 0.000019 0.000019 0.000000
0.000011 0.000011 0.000011 0.000011 0.000000
0.000012 0.000012 0.000012 0.000012 0.000012 0.000000
0.000009 0.000009 0.000009 0.000009 0.000009 0.000009 0.000000
0.000016 0.000016 0.000016 0.000016 0.000016 0.000016 0.000016 0.000000
0.000034 0.000034 0.000034 0.000034 0.000034 0.000034 0.000034 0.000034 0.000000
0.000033 0.000033 0.000033 0.000033 0.000033 0.000033 0.000033 0.000033 0.000033 0.000000
0.000048 0.000048 0.000048 0.000048 0.000048 0.000048 0.000048 0.000048 0.000048 0.000048 0.000000
0.000108 0.000108 0.000108 0.000108 0.000108 0.000108 0.000108 0.000108 0.000108 0.000108 0.000108 0.000000
0.000168 0.000168 0.000168 0.000168 0.000168 0.000168 0.000168 0.000168 0.000168 0.000168 0.000168 0.000168 0.000000
5
unsuited
0.000000
0.000000 0.000000
0.000001 0.000001 0.000000
0.000001 0.000001 0.000001 0.000000
0.000001 0.000001 0.000001 0.000001 0.000000
0.000000 0.000000 0.000000 0.000000 0.000000 0.000000
0.000001 0.000001 0.000001 0.000001 0.000001 0.000001 0.000000
0.000001 0.000001 0.000001 0.000001 0.000001 0.000001 0.000001 0.000000
0.000001 0.000001 0.000001 0.000001 0.000001 0.000001 0.000001 0.000001 0.000000
0.000002 0.000002 0.000002 0.000002 0.000002 0.000002 0.000002 0.000002 0.000002 0.000000
0.000003 0.000003 0.000003 0.000003 0.000003 0.000003 0.000003 0.000003 0.000003 0.000003 0.000000
0.000004 0.000004 0.000004 0.000004 0.000004 0.000004 0.000004 0.000004 0.000004 0.000004 0.000004 0.000000
0.000012 0.000012 0.000012 0.000012 0.000012 0.000012 0.000012 0.000012 0.000012 0.000012 0.000012 0.000012 0.000000
6
unsuited
0.000000
0.000000 0.000000
0.000000 0.000000 0.000000
0.000000 0.000000 0.000000 0.000000
0.000000 0.000000 0.000000 0.000000 0.000000
0.000000 0.000000 0.000000 0.000000 0.000000 0.000000
0.000000 0.000000 0.000000 0.000000 0.000000 0.000000 0.000000
0.000000 0.000000 0.000000 0.000000 0.000000 0.000000 0.000000 0.000000
0.000000 0.000000 0.000000 0.000000 0.000000 0.000000 0.000000 0.000000 0.000000
0.000000 0.000000 0.000000 0.000000 0.000000 0.000000 0.000000 0.000000 0.000000 0.000000
0.000000 0.000000 0.000000 0.000000 0.000000 0.000000 0.000000 0.000000 0.000000 0.000000 0.000000
0.000000 0.000000 0.000000 0.000000 0.000000 0.000000 0.000000 0.000000 0.000000 0.000000 0.000000 0.000000
0.000001 0.000001 0.000001 0.000001 0.000001 0.000001 0.000001 0.000001 0.000001 0.000001 0.000001 0.000001 0.000000
7
unsuited
0.000000
0.000000 0.000000
0.000000 0.000000 0.000000
0.000000 0.000000 0.000000 0.000000
0.000000 0.000000 0.000000 0.000000 0.000000
0.000000 0.000000 0.000000 0.000000 0.000000 0.000000
0.000000 0.000000 0.000000 0.000000 0.000000 0.000000 0.000000
0.000000 0.000000 0.000000 0.000000 0.000000 0.000000 0.000000 0.000000
0.000000 0.000000 0.000000 0.000000 0.000000 0.000000 0.000000 0.000000 0.000000
0.000000 0.000000 0.000000 0.000000 0.000000 0.000000 0.000000 0.000000 0.000000 0.000000
0.000000 0.000000 0.000000 0.000000 0.000000 0.000000 0.000000 0.000000 0.000000 0.000000 0.000000
0.000000 0.000000 0.000000 0.000000 0.000000 0.000000 0.000000 0.000000 0.000000 0.000000 0.000000 0.000000
0.000000 0.000000 0.000000 0.000000 0.000000 0.000000 0.000000 0.000000 0.000000 0.000000 0.000000 0.000000 0.000000
8
unsuited
0.000000
0.000000 0.000000
0.000000 0.000000 0.000000
0.000000 0.000000 0.000000 0.000000
0.000000 0.000000 0.000000 0.000000 0.000000
0.000000 0.000000 0.000000 0.000000 0.000000 0.000000
0.000000 0.000000 0.000000 0.000000 0.000000 0.000000 0.000000
0.000000 0.000000 0.000000 0.000000 0.000000 0.000000 0.000000 0.000000
0.000000 0.000000 0.000000 0.000000 0.000000 0.000000 0.000000 0.000000 0.000000
0.000000 0.000000 0.000000 0.000000 0.000000 0.000000 0.000000 0.000000 0.000000 0.000000
0.000000 0.000000 0.000000 0.000000 0.000000 0.000000 0.000000 0.000000 0.000000 0.000000 0.000000
0.000000 0.000000 0.000000 0.000000 0.000000 0.000000 0.000000 0.000000 0.000000 0.000000 0.000000 0.000000
0.000000 0.000000 0.000000 0.000000 0.000000 0.000000 0.000000 0.000000 0.000000 0.000000 0.000000 0.000000 0.000000
0
suited
0.510000
0.344800 0.340000
0.368400 0.368400 0.370000
0.380600 0.380600 0.380600 0.380000
0.372600 0.372600 0.372600 0.372600 0.370000
0.383800 0.383800 0.383800 0.383800 0.383800 0.380000
0.397000 0.397000 0.397000 0.397000 0.397000 0.397000 0.400000
0.417000 0.417000 0.417000 0.417000 0.417000 0.417000 0.417000 0.420000
0.441800 0.441800 0.441800 0.441800 0.441800 0.441800 0.441800 0.441800 0.440000
0.467600 0.467600 0.467600 0.467600 0.467600 0.467600 0.467600 0.467600 0.467600 0.470000
0.494400 0.494400 0.494400 0.494400 0.494400 0.494400 0.494400 0.494400 0.494400 0.494400 0.490000
0.528800 0.528800 0.528800 0.528800 0.528800 0.528800 0.528800 0.528800 0.528800 0.528800 0.528800 0.530000
0.572400 0.572400 0.572400 0.572400 0.572400 0.572400 0.572400 0.572400 0.572400 0.572400 0.572400 0.572400 0.570000
1
suited
0.090000
0.051529 0.050000
0.046483 0.046483 0.050000
0.058081 0.058081 0.058081 0.060000
0.051893 0.051893 0.051893 0.051893 0.050000
0.046483 0.046483 0.046483 0.046483 0.046483 0.050000
0.057504 0.057504 0.057504 0.057504 0.057504 0.057504 0.060000
0.059341 0.059341 0.059341 0.059341 0.059341 0.059341 0.059341 0.060000
0.070969 0.070969 0.070969 0.070969 0.070969 0.070969 0.070969 0.070969 0.070000
0.080656 0.080656 0.080656 0.080656 0.080656 0.080656 0.080656 0.080656 0.080656 0.080000
0.097719 0.097719 0.097719 0.097719 0.097719 0.097719 0.097719 0.097719 0.097719 0.097719 0.100000
0.110756 0.110756 0.110756 0.110756 0.110756 0.110756 0.110756 0.110756 0.110756 0.110756 0.110756 0.110000
0.140325 0.140325 0.140325 0.140325 0.140325 0.140325 0.140325 0.140325 0.140325 0.140325 0.140325 0.140325 0.140000
2
suited
0.010000
0.003638 0.000000
0.004267 0.004267 0.000000
0.005602 0.005602 0.005602 0.010000
0.004363 0.004363 0.004363 0.004363 0.000000
0.003914 0.003914 0.003914 0.003914 0.003914 0.000000
0.003900 0.003900 0.003900 0.003900 0.003900 0.003900 0.000000
0.006189 0.006189 0.006189 0.006189 0.006189 0.006189 0.006189 0.010000
0.006902 0.006902 0.006902 0.006902 0.006902 0.006902 0.006902 0.006902 0.010000
0.007762 0.007762 0.007762 0.007762 0.007762 0.007762 0.007762 0.007762 0.007762 0.010000
0.012682 0.012682 0.012682 0.012682 0.012682 0.012682 0.012682 0.012682 0.012682 0.012682 0.010000
0.013618 0.013618 0.013618 0.013618 0.013618 0.013618 0.013618 0.013618 0.013618 0.013618 0.013618 0.010000
0.018864 0.018864 0.018864 0.018864 0.018864 0.018864 0.018864 0.018864 0.018864 0.018864 0.018864 0.018864 0.020000
3
suited
0.000000
0.000198 0.000000
0.000244 0.000244 0.000000
0.000334 0.000334 0.000334 0.000000
0.000197 0.000197 0.000197 0.000197 0.000000
0.000233 0.000233 0.000233 0.000233 0.000233 0.000000
0.000274 0.000274 0.000274 0.000274 0.000274 0.000274 0.000000
0.000291 0.000291 0.000291 0.000291 0.000291 0.000291 0.000291 0.000000
0.000472 0.000472 0.000472 0.000472 0.000472 0.000472 0.000472 0.000472 0.000000
0.000675 0.000675 0.000675 0.000675 0.000675 0.000675 0.000675 0.000675 0.000675 0.000000
0.000800 0.000800 0.000800 0.000800 0.000800 0.000800 0.000800 0.000800 0.000800 0.000800 0.000000
0.001281 0.001281 0.001281 0.001281 0.001281 0.001281 0.001281 0.001281 0.001281 0.001281 0.001281 0.000000
0.002446 0.002446 0.002446 0.002446 0.002446 0.002446 0.002446 0.002446 0.002446 0.002446 0.002446 0.002446 0.000000
4
suited
0.000000
0.000009 0.000000
0.000012 0.000012 0.000000
0.000019 0.000019 0.000019 0.000000
0.000011 0.000011 0.000011 0.000011 0.000000
0.000012 0.000012 0.000012 0.000012 0.000012 0.000000
0.000009 0.000009 0.000009 0.000009 0.000009 0.000009 0.000000
0.000016 0.000016 0.000016 0.000016 0.000016 0.000016 0.000016 0.000000
0.000034 0.000034 0.000034 0.000034 0.000034 0.000034 0.000034 0.000034 0.000000
0.000033 0.000033 0.000033 0.000033 0.000033 0.000033 0.000033 0.000033 0.000033 0.000000
0.000048 0.000048 0.000048 0.000048 0.000048 0.000048 0.000048 0.000048 0.000048 0.000048 0.000000
0.000108 0.000108 0.000108 0.000108 0.000108 0.000108 0.000108 0.000108 0.000108 0.000108 0.000108 0.000000
0.000168 0.000168 0.000168 0.000168 0.000168 0.000168 0.000168 0.000168 0.000168 0.000168 0.000168 0.000168 0.000000
5
suited
0.000000
0.000000 0.000000
0.000001 0.000001 0.000000
0.000001 0.000001 0.000001 0.000000
0.000001 0.000001 0.000001 0.000001 0.000000
0.000000 0.000000 0.000000 0.000000 0.000000 0.000000
0.000001 0.000001 0.000001 0.000001 0.000001 0.000001 0.000000
0.000001 0.000001 0.000001 0.000001 0.000001 0.000001 0.000001 0.000000
0.000001 0.000001 0.000001 0.000001 0.000001 0.000001 0.000001 0.000001 0.000000
0.000002 0.000002 0.000002 0.000002 0.000002 0.000002 0.000002 0.000002 0.000002 0.000000
0.000003 0.000003 0.000003 0.000003 0.000003 0.000003 0.000003 0.000003 0.000003 0.000003 0.000000
0.000004 0.000004 0.000004 0.000004 0.000004 0.000004 0.000004 0.000004 0.000004 0.000004 0.000004 0.000000
0.000012 0.000012 0.000012 0.000012 0.000012 0.000012 0.000012 0.000012 0.000012 0.000012 0.000012 0.000012 0.000000
6
suited
0.000000
0.000000 0.000000
0.000000 0.000000 0.000000
0.000000 0.000000 0.000000 0.000000
0.000000 0.000000 0.000000 0.000000 0.000000
0.000000 0.000000 0.000000 0.000000 0.000000 0.000000
0.000000 0.000000 0.000000 0.000000 0.000000 0.000000 0.000000
0.000000 0.000000 0.000000 0.000000 0.000000 0.000000 0.000000 0.000000
0.000000 0.000000 0.000000 0.000000 0.000000 0.000000 0.000000 0.000000 0.000000
0.000000 0.000000 0.000000 0.000000 0.000000 0.000000 0.000000 0.000000 0.000000 0.000000
0.000000 0.000000 0.000000 0.000000 0.000000 0.000000 0.000000 0.000000 0.000000 0.000000 0.000000
0.000000 0.000000 0.000000 0.000000 0.000000 0.000000 0.000000 0.000000 0.000000 0.000000 0.000000 0.000000
0.000001 0.000001 0.000001 0.000001 0.000001 0.000001 0.000001 0.000001 0.000001 0.000001 0.000001 0.000001 0.000000
7
suited
0.000000
0.000000 0.000000
0.000000 0.000000 0.000000
0.000000 0.000000 0.000000 0.000000
0.000000 0.000000 0.000000 0.000000 0.000000
0.000000 0.000000 0.000000 0.000000 0.000000 0.000000
0.000000 0.000000 0.000000 0.000000 0.000000 0.000000 0.000000
0.000000 0.000000 0.000000 0.000000 0.000000 0.000000 0.000000 0.000000
0.000000 0.000000 0.000000 0.000000 0.000000 0.000000 0.000000 0.000000 0.000000
0.000000 0.000000 0.000000 0.000000 0.000000 0.000000 0.000000 0.000000 0.000000 0.000000
0.000000 0.000000 0.000000 0.000000 0.000000 0.000000 0.000000 0.000000 0.000000 0.000000 0.000000
0.000000 0.000000 0.000000 0.000000 0.000000 0.000000 0.000000 0.000000 0.000000 0.000000 0.000000 0.000000
0.000000 0.000000 0.000000 0.000000 0.000000 0.000000 0.000000 0.000000 0.000000 0.000000 0.000000 0.000000 0.000000
8
suited
0.000000
0.000000 0.000000
0.000000 0.000000 0.000000
0.000000 0.000000 0.000000 0.000000
0.000000 0.000000 0.000000 0.000000 0.000000
0.000000 0.000000 0.000000 0.000000 0.000000 0.000000
0.000000 0.000000 0.000000 0.000000 0.000000 0.000000 0.000000
0.000000 0.000000 0.000000 0.000000 0.000000 0.000000 0.000000 0.000000
0.000000 0.000000 0.000000 0.000000 0.000000 0.000000 0.000000 0.000000 0.000000
0.000000 0.000000 0.000000 0.000000 0.000000 0.000000 0.000000 0.000000 0.000000 0.000000
0.000000 0.000000 0.000000 0.000000 0.000000 0.000000 0.000000 0.000000 0.000000 0.000000 0.000000
0.000000 0.000000 0.000000 0.000000 0.000000 0.000000 0.000000 0.000000 0.000000 0.000000 0.000000 0.000000
0.000000 0.000000 0.000000 0.000000 0.000000 0.000000 0.000000 0.000000 0.000000 0.000000 0.000000 0.000000 0.000000
End time: 2011-09-23 19:51:05.237000
