Start time: 2011-09-25 17:43:16.442000
Number of Rollouts: 5000
0
unsuited
0.507200
0.358600 0.546400
0.362400 0.377600 0.578000
0.380200 0.394400 0.413800 0.611600
0.373800 0.388400 0.406800 0.423400 0.638400
0.385000 0.407000 0.416400 0.433400 0.449200 0.672200
0.393600 0.403000 0.422600 0.441600 0.458600 0.475200 0.690600
0.425800 0.421200 0.432200 0.461600 0.480400 0.473200 0.499200 0.716800
0.439800 0.441400 0.458200 0.475400 0.484400 0.500800 0.512800 0.532400 0.749000
0.473400 0.489400 0.490800 0.501200 0.507800 0.515800 0.535600 0.542800 0.569000 0.780400
0.478000 0.514200 0.515400 0.523800 0.534000 0.543800 0.557200 0.564200 0.587000 0.588400 0.796200
0.528400 0.533600 0.543800 0.547600 0.565400 0.566200 0.585000 0.572800 0.615400 0.617200 0.625400 0.825800
0.565200 0.583200 0.601600 0.591400 0.593200 0.601400 0.626600 0.617800 0.647000 0.649400 0.656000 0.665800 0.850400
1
unsuited
0.315800
0.211000 0.345200
0.234200 0.258000 0.380400
0.233200 0.247800 0.272600 0.417200
0.227800 0.243400 0.273600 0.284200 0.435600
0.230800 0.235600 0.270600 0.297400 0.303600 0.469800
0.234200 0.241000 0.267400 0.283000 0.313800 0.329000 0.497600
0.255600 0.270400 0.260000 0.289200 0.298400 0.320400 0.344000 0.552200
0.271200 0.278800 0.294800 0.300200 0.306800 0.334000 0.352400 0.387800 0.586600
0.292000 0.304600 0.303000 0.312600 0.315600 0.335600 0.349200 0.381600 0.413200 0.620200
0.309000 0.311400 0.323800 0.336400 0.344000 0.357000 0.371000 0.394200 0.417200 0.420400 0.643600
0.340200 0.358000 0.355600 0.365400 0.365400 0.378600 0.395600 0.401800 0.434400 0.439000 0.456000 0.689600
0.377600 0.381400 0.392400 0.396400 0.408400 0.414400 0.424600 0.426600 0.453400 0.469400 0.490000 0.487600 0.738600
2
unsuited
0.228800
0.149600 0.242600
0.166400 0.180400 0.259400
0.175800 0.182600 0.203200 0.305600
0.154800 0.184400 0.190400 0.214600 0.326200
0.155600 0.167800 0.195200 0.214200 0.227000 0.354200
0.166400 0.170400 0.193000 0.206600 0.233800 0.255200 0.378000
0.186600 0.181800 0.189000 0.208000 0.223600 0.244000 0.258600 0.416600
0.196400 0.191800 0.200400 0.219800 0.211400 0.246800 0.271400 0.303400 0.459800
0.203400 0.207200 0.212000 0.233600 0.230600 0.251600 0.262200 0.294600 0.322200 0.485200
0.223800 0.228200 0.232600 0.237800 0.248000 0.246600 0.273800 0.310800 0.332200 0.344600 0.525000
0.229000 0.255200 0.261200 0.265400 0.275400 0.282400 0.290600 0.319400 0.340000 0.342800 0.359000 0.581600
0.278200 0.284000 0.286600 0.303600 0.289000 0.308600 0.324400 0.322600 0.347200 0.366800 0.393800 0.404400 0.642400
3
unsuited
0.177200
0.121400 0.200600
0.131400 0.135400 0.203800
0.136400 0.144600 0.164800 0.232800
0.136400 0.139400 0.158200 0.177200 0.250400
0.118400 0.144200 0.150800 0.173800 0.182600 0.274000
0.127800 0.137000 0.151000 0.169000 0.187000 0.199400 0.289000
0.136400 0.136200 0.147400 0.159400 0.172800 0.203400 0.224600 0.335400
0.147000 0.150600 0.163000 0.162400 0.186600 0.202800 0.222600 0.247600 0.372600
0.158800 0.163000 0.162400 0.171000 0.177600 0.191800 0.210800 0.254000 0.276200 0.421400
0.170000 0.182200 0.178200 0.190000 0.197600 0.211400 0.224200 0.250600 0.262200 0.288200 0.467200
0.192000 0.202400 0.198800 0.212400 0.215200 0.229400 0.231600 0.254400 0.278200 0.291200 0.304400 0.493400
0.224800 0.218200 0.236600 0.231600 0.237800 0.235200 0.272000 0.271600 0.295600 0.295000 0.312800 0.329200 0.561200
4
unsuited
0.158400
0.091600 0.164200
0.102000 0.117200 0.176800
0.116200 0.122600 0.131800 0.176400
0.099000 0.126600 0.132400 0.152800 0.208200
0.093400 0.112800 0.124400 0.146600 0.160800 0.228800
0.094600 0.109000 0.125400 0.137800 0.157000 0.159800 0.250000
0.107600 0.113600 0.117200 0.140400 0.144000 0.160800 0.178400 0.281400
0.113800 0.126200 0.126600 0.139400 0.152600 0.168200 0.185800 0.194800 0.303000
0.126000 0.143400 0.135200 0.140000 0.146200 0.163800 0.186800 0.216800 0.229800 0.339000
0.137200 0.143000 0.154800 0.149000 0.161600 0.162400 0.191400 0.200800 0.227600 0.242000 0.395600
0.153000 0.160400 0.167200 0.168000 0.173800 0.167800 0.187200 0.208200 0.243400 0.249200 0.259600 0.442000
0.180000 0.186400 0.199200 0.205400 0.197800 0.207400 0.216200 0.211000 0.245800 0.251200 0.280800 0.295200 0.494800
5
unsuited
0.142200
0.084400 0.152800
0.084600 0.105400 0.163600
0.095200 0.111800 0.118400 0.161400
0.087800 0.098600 0.122400 0.128400 0.173800
0.077200 0.094400 0.109200 0.126600 0.143200 0.193200
0.088200 0.095600 0.096600 0.117200 0.130000 0.141200 0.205400
0.088600 0.095800 0.100800 0.109400 0.128800 0.147800 0.161600 0.231200
0.102400 0.108000 0.109400 0.111400 0.135000 0.141400 0.157800 0.180400 0.266000
0.112000 0.111000 0.122000 0.132600 0.127400 0.143600 0.158000 0.171200 0.201600 0.291400
0.119800 0.121200 0.127000 0.131800 0.141000 0.144200 0.161400 0.184200 0.198000 0.210000 0.328400
0.136200 0.138600 0.142600 0.138000 0.152600 0.154600 0.173800 0.179000 0.196000 0.230600 0.238400 0.371000
0.158800 0.160200 0.165800 0.171000 0.165600 0.169800 0.163800 0.190400 0.214800 0.222800 0.237600 0.258000 0.438800
6
unsuited
0.142400
0.074200 0.132000
0.088800 0.095400 0.144800
0.086800 0.100000 0.111200 0.148600
0.076400 0.083600 0.102400 0.106800 0.163400
0.071400 0.085600 0.096000 0.117600 0.126600 0.175600
0.074000 0.080200 0.089200 0.099000 0.119000 0.130200 0.184600
0.073400 0.078600 0.095200 0.096400 0.117000 0.117200 0.135800 0.194200
0.092400 0.093400 0.100000 0.102200 0.108600 0.124600 0.155400 0.155600 0.238600
0.093600 0.095800 0.107000 0.107200 0.105200 0.118600 0.140200 0.151000 0.179600 0.253800
0.107200 0.102600 0.107200 0.112200 0.121400 0.119800 0.133800 0.152800 0.185000 0.189200 0.294800
0.110200 0.118200 0.115800 0.128800 0.139000 0.134400 0.135600 0.160200 0.177800 0.192400 0.200000 0.354200
0.131200 0.140600 0.143800 0.159400 0.150800 0.145400 0.151800 0.160000 0.189200 0.199400 0.215400 0.228400 0.389600
7
unsuited
0.132000
0.068600 0.124200
0.071400 0.081400 0.135200
0.077000 0.090200 0.094600 0.133600
0.073600 0.074200 0.101000 0.104600 0.147200
0.063400 0.075200 0.078800 0.105800 0.107800 0.146800
0.069200 0.071200 0.078600 0.099600 0.113000 0.121200 0.170200
0.066600 0.076600 0.074400 0.093200 0.102800 0.116200 0.124200 0.183400
0.079800 0.081600 0.076200 0.082600 0.102800 0.114400 0.123400 0.141400 0.205600
0.087600 0.087800 0.092000 0.093600 0.090800 0.104400 0.119200 0.139200 0.153400 0.220800
0.093000 0.097600 0.094600 0.101200 0.105800 0.113400 0.117200 0.137800 0.159400 0.165800 0.255600
0.096800 0.104600 0.099800 0.115600 0.117400 0.112600 0.123800 0.136000 0.162800 0.176000 0.173600 0.294600
0.120600 0.128600 0.131200 0.136600 0.129400 0.130400 0.135400 0.137400 0.165400 0.168800 0.187000 0.207800 0.359600
8
unsuited
0.120600
0.062600 0.129600
0.068400 0.080200 0.120200
0.068600 0.090000 0.096600 0.123000
0.057400 0.075600 0.081200 0.098600 0.128800
0.061200 0.070400 0.077400 0.088000 0.099000 0.140000
0.063200 0.068400 0.072600 0.084600 0.101200 0.108200 0.153600
0.062400 0.069800 0.068200 0.077600 0.090600 0.098200 0.111000 0.150800
0.065200 0.073400 0.078000 0.083200 0.078800 0.095400 0.113000 0.127000 0.171000
0.073000 0.074800 0.086200 0.088600 0.090400 0.091000 0.106600 0.131000 0.138400 0.198400
0.077600 0.078200 0.081200 0.092200 0.091400 0.096400 0.103400 0.114200 0.142000 0.150600 0.226600
0.086000 0.093600 0.093000 0.105200 0.111200 0.110000 0.107200 0.117200 0.148800 0.154800 0.162000 0.259000
0.105200 0.108400 0.117200 0.117200 0.108200 0.120600 0.120600 0.117200 0.152800 0.163600 0.170000 0.188400 0.320800
0
suited
-1.000000
0.385000 -1.000000
0.389400 0.425000 -1.000000
0.399800 0.421600 0.441600 -1.000000
0.409600 0.420000 0.432400 0.450200 -1.000000
0.415400 0.433000 0.447600 0.458600 0.466200 -1.000000
0.442400 0.423600 0.450000 0.478200 0.492800 0.485000 -1.000000
0.438000 0.452400 0.463400 0.487800 0.494600 0.508000 0.527000 -1.000000
0.458200 0.473200 0.483000 0.507600 0.508400 0.538000 0.532800 0.554200 -1.000000
0.494400 0.501200 0.511600 0.530800 0.508400 0.534600 0.549800 0.563600 0.596200 -1.000000
0.526400 0.532000 0.543800 0.547600 0.553200 0.558800 0.564800 0.595800 0.608400 0.604000 -1.000000
0.543600 0.558600 0.565000 0.560800 0.582800 0.580800 0.606200 0.606800 0.628000 0.632400 0.652800 -1.000000
0.597000 0.597400 0.604000 0.619600 0.630800 0.627800 0.633600 0.638000 0.661800 0.660600 0.657000 0.675400 -1.000000
1
suited
-1.000000
0.247800 -1.000000
0.262000 0.276600 -1.000000
0.258600 0.285800 0.307600 -1.000000
0.260000 0.291600 0.306800 0.316600 -1.000000
0.274600 0.288600 0.302600 0.316200 0.336400 -1.000000
0.280800 0.289000 0.297200 0.324400 0.333400 0.356800 -1.000000
0.286400 0.297400 0.303400 0.316400 0.346400 0.369400 0.368600 -1.000000
0.297000 0.311200 0.317000 0.324200 0.344600 0.380000 0.373800 0.413000 -1.000000
0.327000 0.328800 0.338800 0.343400 0.349600 0.370400 0.380200 0.407200 0.427000 -1.000000
0.345200 0.344600 0.362600 0.372200 0.380800 0.395400 0.403600 0.431000 0.455000 0.459200 -1.000000
0.365800 0.379800 0.392000 0.399000 0.400800 0.414000 0.412000 0.435600 0.473600 0.470800 0.483000 -1.000000
0.401600 0.424600 0.437200 0.436000 0.423800 0.447600 0.450600 0.461800 0.480600 0.508800 0.501800 0.523800 -1.000000
2
suited
-1.000000
0.190200 -1.000000
0.198400 0.213400 -1.000000
0.213200 0.236400 0.242400 -1.000000
0.211000 0.215600 0.236800 0.260000 -1.000000
0.214800 0.211000 0.226600 0.254400 0.258000 -1.000000
0.209800 0.211000 0.239600 0.254400 0.253000 0.277800 -1.000000
0.217800 0.236400 0.228800 0.256600 0.270600 0.290800 0.301600 -1.000000
0.221200 0.237800 0.244000 0.255600 0.255200 0.289600 0.301400 0.325200 -1.000000
0.245600 0.251000 0.253400 0.265000 0.267800 0.284000 0.305200 0.336800 0.346600 -1.000000
0.262400 0.265400 0.278800 0.291200 0.288400 0.302600 0.312400 0.335800 0.356200 0.381600 -1.000000
0.279600 0.285400 0.297800 0.306600 0.312200 0.326800 0.326600 0.352200 0.362200 0.390400 0.391200 -1.000000
0.329800 0.319400 0.328400 0.349800 0.337600 0.335600 0.343000 0.371800 0.392400 0.397000 0.428000 0.414800 -1.000000
3
suited
-1.000000
0.162600 -1.000000
0.174800 0.180000 -1.000000
0.179800 0.193800 0.208800 -1.000000
0.163800 0.179200 0.191200 0.212400 -1.000000
0.157600 0.180400 0.201600 0.201800 0.222200 -1.000000
0.172600 0.175400 0.186400 0.198200 0.228600 0.244400 -1.000000
0.181800 0.178600 0.187600 0.201200 0.223600 0.237200 0.251200 -1.000000
0.189000 0.191200 0.200200 0.207800 0.226400 0.241800 0.265200 0.272800 -1.000000
0.194000 0.213400 0.214400 0.217000 0.218600 0.236800 0.257600 0.284200 0.306200 -1.000000
0.212400 0.220200 0.232400 0.229200 0.231400 0.246600 0.253600 0.279800 0.299000 0.318600 -1.000000
0.227200 0.237600 0.242600 0.240800 0.268600 0.262200 0.263200 0.286400 0.320800 0.324600 0.332800 -1.000000
0.262600 0.275400 0.286000 0.279200 0.282400 0.284600 0.293600 0.303000 0.317400 0.327800 0.356400 0.369800 -1.000000
4
suited
-1.000000
0.140200 -1.000000
0.154800 0.161400 -1.000000
0.155400 0.161400 0.180800 -1.000000
0.151600 0.157600 0.178400 0.188000 -1.000000
0.134600 0.147000 0.169600 0.170800 0.185800 -1.000000
0.137800 0.147800 0.164000 0.179600 0.186200 0.207800 -1.000000
0.148800 0.158400 0.167000 0.178400 0.191600 0.210800 0.212600 -1.000000
0.156000 0.167200 0.180200 0.180200 0.187600 0.211000 0.219800 0.238800 -1.000000
0.177000 0.173000 0.171000 0.181800 0.199800 0.194400 0.227800 0.239000 0.277800 -1.000000
0.181200 0.192600 0.195600 0.202600 0.199800 0.219000 0.227800 0.233800 0.265600 0.276600 -1.000000
0.195200 0.196800 0.202600 0.212000 0.222800 0.229400 0.229400 0.253400 0.282600 0.288200 0.285600 -1.000000
0.231600 0.236400 0.228200 0.246200 0.241000 0.247000 0.253400 0.256400 0.296200 0.307400 0.318000 0.323800 -1.000000
5
suited
-1.000000
0.129000 -1.000000
0.135000 0.148200 -1.000000
0.137000 0.155800 0.155800 -1.000000
0.131600 0.129800 0.151600 0.162800 -1.000000
0.131400 0.131800 0.160600 0.168600 0.173600 -1.000000
0.125400 0.131800 0.149000 0.161000 0.180400 0.172600 -1.000000
0.139600 0.145000 0.149000 0.154800 0.168800 0.181600 0.196200 -1.000000
0.144200 0.143200 0.159400 0.161200 0.170200 0.179600 0.189200 0.213000 -1.000000
0.148000 0.151400 0.156200 0.153600 0.166400 0.183000 0.201800 0.214400 0.229400 -1.000000
0.154800 0.171600 0.167600 0.164000 0.175200 0.184200 0.193000 0.226400 0.233200 0.245800 -1.000000
0.177400 0.167800 0.187600 0.202200 0.185200 0.198000 0.199200 0.224600 0.237200 0.248800 0.255600 -1.000000
0.193200 0.201400 0.206000 0.216800 0.211200 0.212000 0.220000 0.221400 0.247800 0.265200 0.266400 0.291200 -1.000000
6
suited
-1.000000
0.122200 -1.000000
0.119000 0.130000 -1.000000
0.132800 0.145800 0.147800 -1.000000
0.112200 0.125800 0.137200 0.153400 -1.000000
0.112600 0.117000 0.136600 0.150800 0.158400 -1.000000
0.118400 0.127200 0.130400 0.142200 0.159000 0.161800 -1.000000
0.113600 0.134600 0.128200 0.132200 0.147800 0.156800 0.182000 -1.000000
0.135800 0.124000 0.139400 0.138400 0.152400 0.167600 0.174200 0.189000 -1.000000
0.133600 0.147000 0.135800 0.143400 0.143800 0.151600 0.171400 0.192200 0.209400 -1.000000
0.140800 0.136000 0.157000 0.164800 0.161000 0.166600 0.169600 0.184800 0.211400 0.235800 -1.000000
0.153600 0.153200 0.162800 0.166000 0.179600 0.177400 0.166200 0.191800 0.214400 0.227200 0.240200 -1.000000
0.174600 0.187600 0.189400 0.190800 0.182600 0.199400 0.195400 0.197000 0.221200 0.232000 0.237200 0.267800 -1.000000
7
suited
-1.000000
0.113400 -1.000000
0.113800 0.118800 -1.000000
0.112000 0.123000 0.137200 -1.000000
0.115800 0.116200 0.131800 0.147600 -1.000000
0.108400 0.120000 0.126000 0.136400 0.137400 -1.000000
0.108200 0.106400 0.116600 0.131000 0.145200 0.153400 -1.000000
0.109600 0.106000 0.111400 0.125200 0.139200 0.150800 0.159600 -1.000000
0.113400 0.124200 0.124000 0.125200 0.130200 0.154200 0.161600 0.174400 -1.000000
0.131800 0.124600 0.135600 0.133200 0.139200 0.141600 0.155800 0.181400 0.191800 -1.000000
0.131200 0.137800 0.137600 0.148200 0.139600 0.143200 0.159400 0.175600 0.200000 0.209600 -1.000000
0.142600 0.152200 0.139400 0.159800 0.151600 0.156800 0.154400 0.179000 0.192200 0.208400 0.225400 -1.000000
0.168400 0.169800 0.177400 0.178800 0.164200 0.169800 0.182800 0.179600 0.200800 0.225600 0.223400 0.237400 -1.000000
8
suited
-1.000000
0.108000 -1.000000
0.104600 0.111800 -1.000000
0.110400 0.123000 0.124400 -1.000000
0.102200 0.109000 0.125600 0.136200 -1.000000
0.084600 0.100800 0.123000 0.134200 0.140400 -1.000000
0.097600 0.100400 0.115200 0.118400 0.131600 0.135400 -1.000000
0.104200 0.105600 0.108800 0.117800 0.128400 0.137400 0.143400 -1.000000
0.110000 0.114200 0.107400 0.119600 0.132800 0.147600 0.144000 0.162600 -1.000000
0.116400 0.123200 0.120800 0.120200 0.132800 0.129400 0.143800 0.163400 0.182400 -1.000000
0.120200 0.128600 0.129600 0.125000 0.132800 0.134800 0.139800 0.160000 0.181200 0.189000 -1.000000
0.130000 0.135200 0.137800 0.142400 0.139800 0.149200 0.147400 0.166400 0.185000 0.178200 0.192600 -1.000000
0.149200 0.150200 0.152600 0.159600 0.157800 0.151200 0.161000 0.161400 0.184600 0.192400 0.209000 0.228800 -1.000000
End time: 2011-09-25 22:06:26.183000
